Webots Project File version R2018b
perspectives: 000000ff00000000fd000000030000000000000320000003b6fc0100000001fb0000001a0044006f00630075006d0065006e0074006100740069006f006e0000000000ffffffff0000006900ffffff0000000100000376000002dafc0200000001fb0000001400540065007800740045006400690074006f0072010000001a000002da0000008700ffffff0000000300000780000000dafc0100000001fb0000000e0043006f006e0073006f006c00650100000000000007800000006900ffffff00000408000002da00000001000000020000000100000008fc00000000
simulationViewPerspectives: 000000ff00000001000000020000016c0000071f0100000002010000000100
sceneTreePerspectives: 000000ff0000000100000002000000c0000001080100000002010000000200
maximizedDockId: -1
centralWidgetVisible: 1
selectionDisabled: 0
viewpointLocked: 0
orthographicViewHeight: 1
textFiles: 1 "controllers/super1/super1.c" "controllers/reynolds1/reynolds1.c" "controllers/reynolds2/reynolds2.c"
renderingDevicePerspectives: epuck0:camera;1;0.820513;0.0121581;0.00574713
