Webots Project File version R2018a
perspectives: 000000ff00000000fd000000030000000000000320000003b6fc0100000001fb0000001a0044006f00630075006d0065006e0074006100740069006f006e0000000000ffffffff0000005400ffffff00000001000003720000035bfc0200000001fb0000001400540065007800740045006400690074006f007201000000150000035b000000b100ffffff00000003000007800000006ffc0100000001fb0000000e0043006f006e0073006f006c00650100000000000007800000005700ffffff000004080000035b00000001000000020000000100000008fc00000000
simulationViewPerspectives: 000000ff00000001000000020000016c0000071f0100000006010000000100
sceneTreePerspectives: 000000ff0000000100000002000000c0000001080100000006010000000200
maximizedDockId: -1
centralWidgetVisible: 1
orthographicViewHeight: 1
textFiles: 2 "controllers/reynolds2/reynolds2.c" "controllers/super1/super1.c" "controllers/reynolds1/reynolds1.c"
renderingDevicePerspectives: epuck2:camera;0;1;0.0407855;0.0249066
renderingDevicePerspectives: epuck0:camera;1;0.153846;0.00755287;0.00498132
